-10 -10


323 1
212.538 62.6923
278 229


323 1
212.922 62.8839
278 229


323 1
213.36 63.1031
278 229


323 1
211.783 62.5335
278 229


323 1
211.383 63.0511
278 229


323 1
211.195 63.7417
278 229


323 1
211.36 61.7758
278 229


323 1
211.274 59.9073
278 229


323 1
211.144 58.108
278 229


323 1
210.646 62.5546
278 229


323 1
210.125 63.2672
278 229


323 1
209.27 62.4647
278 229


323 1
209.919 63.5177
278 229


323 1
210.792 64.8556
278 229


323 1
208.522 62.5878
278 229


323 1
208.874 63.3582
278 229


209.669 64.6412


207.568 62.7042


208.034 61.722
292 239


208.93 60.9442
292 239


207.104 62.2376
292 239


204.887 63.8295
292 239


207.101 61.7196
292 239


206.086 62.9618
292 239


204.513 64.7637
292 239


205.72 62.7066
288.015 231.03


205.507 61.6016
283.455 221.911


205.031 60.7137
278.896 212.792


204.58 63.0481
274.337 203.673


204.997 61.385
269.777 194.555


205.538 59.0791
265.218 185.436


203.731 62.8847
260.659 176.317


203.593 61.0243
256.099 167.198


203.252 62.5465
251.54 158.08


202.628 62.3616
246.98 148.961


201.974 61.841
242.421 139.842
82.3333 29.3333


201.771 61.4088
237.862 130.723
82.3333 29.3333


201.999 61.8505
233.302 121.605
82.3333 29.3333


202.279 62.4162
228.743 112.486
82.3333 29.3333


201.687 61.7152
224.184 103.367
82.3333 29.3333


201.136 63.5354
219.624 94.2485
82.3333 29.3333


200.608 65.7452
82.3333 29.3333


200.353 62.5409
82.3333 29.3333


200.821 63.8627
82.3333 29.3333


201.387 65.9489
82.3333 29.3333


199.808 61.8828
82.3333 29.3333


199.893 62.4794
82.3333 29.3333
290 233


197.918 62.3239
82.3333 29.3333
290 233


198.766 61.8448
82.3333 29.3333
290 233


200.07 61.3513
82.3333 29.3333
290 233


197.62 61.6033
82.3333 29.3333
290 233


197.673 62.6815
290 233


198.399 61.0106
290 233


196.985 62.3283
290 233


196.899 61.7232
290 233


197.048 60.7706
290 233


196.329 61.7537
290 233


196.372 62.4396
293.985 230.011


196.542 63.0426
298.545 226.592


195.693 63.5116
294.034 228.978


194.572 58.876
288.997 221.041
136 233


194.376 62.6214
284.073 211.496
136 233


194.798 62.7611
279.149 201.951
136 233


195.29 62.1922
274.225 192.406
136 233


193.564 62.375
269.301 182.862
136 233


193.897 62.4072
264.377 173.317
136 233


194.574 62.4021
259.453 163.772
136 233


192.635 61.8058
254.529 154.227
136 233


191.828 61.7477
249.605 144.682
136 233


191.238 61.7794
244.681 135.137
136 233


191.69 61.7146
239.757 125.592
136 233


192.167 62.2754
234.833 116.047
136 233


191.278 61.46
229.909 106.502
136 233


191.074 61.8154
224.985 96.9568
136 233


190.996 62.3699
220.061 87.4119
136 233


190.573 61.4341
215.137 77.8669
136 233


190.722 63.6771


190.961 66.4089


189.626 61.7673
302 220


189.395 63.1736
302 220


189.356 65.6043
302 220


188.686 62.3046
302 220
32 37


188.664 63.2313
302 220
32 37


187.339 61.5125
302 220
32 37


187.881 61.9716
302 220
32 37


188.003 60.5797
302 220
32 37


186.635 61.8039
302 220
32 37


186.918 61.4325
302 220
32 37


187.468 60.7702
301.004 220
32 37


186.111 60.928
299.864 220
32 37


186.034 61.0008
298.724 220
32 37


186.182 61.0442
297.584 220
32 37


185.891 60.7568
296.444 220
32 37


185.799 61.3964
295.304 220
32 37


185.745 62.1764
294.165 220
32 37


184.65 61.5676
293.025 220
32 37


184.87 60.8746
291.885 220
32 37


183.341 61.4715
290.745 220


183.684 62.365
289.605 220


184.339 63.2748
288.465 220


182.643 61.6824
287.326 220


182.991 62.8322
286.186 220


183.682 64.4291
285.046 220


181.559 61.546
283.906 220


181.942 60.135


182.743 59.0291


180.882 60.9674
179 193
295.667 243.333


180.194 59.7135
179 193
293.01 249.975


179.73 57.9364
179 193
289.97 257.574


180.202 62.1828
179 193
292.978 251.052


179.892 62.6838
179 193
296.856 242.496


179.799 61.4838
179 193
300.735 233.94


179.418 61.9378
179 193
302.01 231.976


178.989 62.6515
179 193
303.996 229.007


178.53 61.6925
179 193
306.139 225.757


178.958 61.7645
179 193
308.282 222.508


179.515 62.0198
179 193
310.424 219.258


177.665 61.4717
179 193
312.567 216.008


178.281 62.0786
179 193
314.71 212.758


179.303 62.8686
179 193
316.853 209.508


176.713 61.5744
179 193
318.996 206.259


173.604 59.9799
179 193
321.138 203.009


175.606 60.8035
323.281 199.759


175.684 61.4151
325.424 196.509


175.378 61.946
327.567 193.259


175.423 61.4281
329.71 190.01


175.438 59.5047
331.853 186.76


175.441 57.4004
333.995 183.51


174.612 60.654
336.138 180.26


173.94 62.2443


173.309 63.4838


173.646 61.4621


174.072 60.6367


171.779 61.533


172.783 61.5971
292 243


171.759 62.9945
292 243


171.509 60.6633
292 243


171.604 61.4746
292 243


171.725 62.8205
292 243


170.678 60.5785
292 243


170.911 60.7392
295.612 242.626


171.353 61.3204
299.744 242.199


170.007 61.4121
303.875 241.772


170.356 63.6282
298.037 234.027


170.988 66.1606
290.762 225.229


169.372 62.5002
283.487 216.43


167.433 57.9477
276.212 207.632


168.337 61.4051
268.937 198.833


168.565 62.4279
261.662 190.035


169.331 58.5164
254.387 181.236


167.487 60.8382
247.113 172.438


167.865 61.6094
239.838 163.639


168.62 62.0147
232.563 154.841


166.511 61.7267
225.288 146.042


166.71 61.1208
218.013 137.244


167.301 60.4835
210.738 128.445
287 258.5


165.681 60.5248
203.463 119.646
287 258.5


165.802 63.5132
196.188 110.848
287 258.5


166.22 66.9122
188.913 102.049
287 258.5


164.77 60.51
287 258.5


163.052 52.6958
287 258.5


164.654 60.4423
287 258.5


164.556 62.0954
287 258.5


164.145 62.5477
287 258.5


163.72 61.386
287 258.5


163.945 62.9365
287 258.5


164.264 64.9112
287 258.5


162.531 61.3896
287 258.5


162.754 61.2702
287 258.5


163.301 61.7549
287 258.5


161.705 61.4876
287 258.5


162.213 61.9967


160.676 60.4367


160.934 61.4125


161.502 62.7992


159.802 61.5958
296.062 243.062


159.6 60.3915
296.062 243.062


159.662 59.2408
296.062 243.062


159.529 60.7955
296.062 243.062


159.898 63.8957
296.062 243.062


160.344 67.1624
296.062 243.062


158.648 60.7559
296.062 243.062


159.074 60.7212
296.062 243.062


157.542 61.3351
296.062 243.062


157.81 61.0395
296.062 243.062


157.503 58.0097
296.062 243.062


156.444 62.158
302.974 243


156.863 61.3382
310.882 242.929


157.507 59.6459
318.79 242.858


155.651 60.8196
326.697 242.787


155.701 60.7802
334.605 242.715


156.078 60.5066
342.513 242.644


154.518 60.8064
350.42 242.573


155.427 60.1289
358.328 242.502
323 1


156.733 59.2988
366.236 242.43
323 1


154.11 60.3976
374.143 242.359
323 1


150.921 61.7743
382.051 242.288
323 1


153.767 60.7982
389.959 242.217
323 1


153.764 61.2791
397.866 242.145
323 1


153.225 62.0187
405.774 242.074
323 1


152.651 61.5394
413.681 242.003
323 1


152.647 61.2958
421.589 241.932
323 1


152.724 61.1114
323 1


151.859 60.6387
323 1


151.438 61.4351
323 1


151.101 62.4203
323 1


150.721 60.6426
323 1


150.578 59.9419
323 1


149.67 62.5884
323 1


149.845 60.4722


149.548 61.9838


148.579 60.2835


148.837 61.4872


149.112 59.7904


148.216 60.5044


148.312 60.3731


146.863 60.7119
294 229


147.807 60.5688
294 229


148.104 60.3002
294 229


146.008 62.989
294 229


146.735 60.6322
294 229


146.084 61.5235
294 229


145.741 60.6658
294 229


145.871 59.8894
294 229


146.058 59.173
294 229


144.516 60.4827
294 229


144.756 60.6107
294 229


145.288 60.5265
294 229


143.5 60.0922
294 229


143.468 59.5716
294 229


143.501 58.502
294 229


142.869 59.9459
294 229


142.886 58.8995


142.419 60.5717


142.423 59.5367


140.756 59.3701
284 233


141.641 60.3917
284 233


141.63 60.4416
284 233


141.432 60.3309
284 233


140.511 60.5074
284 233


140.783 60.3348
284 233
323 1


141.242 60.1059
284 233
323 1


139.782 60.1679
284 233
322.909 0.909427


139.827 59.0877
284 233
322.806 0.805805


138.119 61.9846
284 233
322.702 0.702183
303 169


138.624 59.821
284 233
322.599 0.598561
303 169


138.73 58.9015
284 233
322.495 0.494939
303 169


136.902 59.6266
284 233
322.391 0.391317
303 169


137.656 59.5592
284 233
322.288 0.287695
303 169


138.821 59.3497
292.967 230.011
322.184 0.184073
303 169


137.159 60.661
303.225 226.592
322.08 0.0804509
303 169


137.462 58.1327
313.484 223.172
321.977 -0.023171
303 169


138.107 55.0196
323.742 219.753
321.873 -0.126793
303 169


136.689 59.721
334.001 216.333
321.77 -0.230415
303 169


136.826 59.9375
344.26 212.913
321.666 -0.334037
303 169


137.23 59.3456
354.518 209.494
321.562 -0.437659
303 169


135.539 60.3379
364.777 206.074
321.459 -0.541281
303 169


133.546 61.5584
375.035 202.655
321.355 -0.644903
303 169


134.253 60.7968
385.294 199.235
303 169


134.77 59.8212
395.553 195.816
303 169


134.226 58.9995
405.811 192.396


133.641 59.6868
416.07 188.977


133.617 60.5715
426.328 185.557


134.109 59.6733
436.587 182.138


132.37 59.507
446.845 178.718


133.024 60.6852


134.071 62.0366


131.638 59.5642
310 243


131.831 60.5116
310 243


132.474 62.0311
310 243


131.221 59.7522
310 243


129.696 56.9261
310 243


130.646 59.6003
310 243


130.201 59.8453
310 243


129.504 59.6261
310 243


129.497 60.476
310 243


129.969 59.6538
310 243


130.495 58.5685
310 243


128.779 60.6277
310 243


128.401 60.2699
310 243


128.263 59.4986
310 243


127.783 59.5438
302.03 244.993


127.466 59.6668
292.911 247.272


125.774 59.9226
283.792 249.552
177 146


126.873 59.769
274.673 251.832
177 146


128.001 58.8775
265.555 254.111
177 146


125.264 59.7431
256.436 256.391
177 146


126.118 59.6047
247.317 258.671
177 146


127.568 59.2832
238.198 260.95
177 146


125.27 59.7876
229.08 263.23
177 146


125.821 58.0919
219.961 265.51
177 146


126.86 56.0621
210.842 267.789
177 146


124.609 59.6284
201.723 270.069
177 146


123.859 58.8192
192.605 272.349
177 146


123.395 57.2635
183.486 274.628
177 146


123.615 60.116
174.367 276.908
177 146


123.934 63.6035
165.249 279.188
177 146


